0.1542, -0.6267, 0.4689, 0.1841, 0.6306, 0.2540, -0.5607, 0.5755, 0.5008, -0.3428, 0.2110, 0.2707, -0.2787, -0.3387, -0.4894, -0.4989
-0.3587, 0.4927, -0.3437, -0.3420, -0.1881, -0.2221, 0.4558, -0.1470, -0.1125, 0.3100, -0.3049, -0.4134, 0.2555, 0.3757, 0.0695, 0.3054
-0.0666, -0.3438, 0.0816, -0.0499, -0.0652, 0.0152, -0.0315, 0.2713, 0.1450, -0.3641, 0.3692, 0.3394, -0.2327, -0.0668, -0.3776, -0.1261
0.1422, -0.0009, 0.0134, -0.1100, -0.1199, -0.2511, 0.2104, -0.0174, 0.1066, 0.0321, -0.2138, -0.0347, -0.0928, 0.1129, -0.0901, 0.2990
-0.6002, 0.3861, -0.3167, -0.5701, -0.2078, -0.2025, 0.2971, -0.3336, -0.2968, 0.2504, -0.2899, -0.3292, 0.5160, 0.2936, 0.2051, 0.3705
0.2707, -0.1347, 0.3424, 0.2016, 0.4795, 0.4114, -0.2083, 0.2418, 0.0614, -0.1147, 0.4077, 0.4505, -0.3444, -0.0433, -0.2008, 0.0024
0.0521, 0.1892, -0.1293, 0.1524, 0.0318, 0.2600, -0.0130, -0.0850, 0.2589, -0.2537, -0.0982, -0.1773, 0.0717, -0.0051, 0.0228, -0.1039
0.0882, -0.0119, 0.0149, -0.2821, -0.2270, -0.0217, 0.1399, -0.1744, 0.0364, 0.3098, 0.0891, -0.0944, 0.2238, 0.1810, -0.0850, -0.1656
-0.2007, -0.0077, -0.2546, -0.0620, 0.0869, -0.2147, 0.2671, 0.1247, -0.3111, 0.1043, -0.3881, -0.3240, 0.6100, 0.5343, -0.1473, -0.3435
-0.0742, -0.2131, 0.2028, 0.2285, 0.0304, 0.0563, 0.0690, -0.0391, 0.1388, 0.2942, 0.3309, 0.2924, -0.6145, -0.2458, 0.0939, 0.1273
0.0551, -0.1154, -0.1262, -0.1914, -0.2268, -0.4201, -0.0730, 0.3277, -0.2485, -0.0032, -0.3936, 0.0246, 0.4044, 0.2531, 0.1726, 0.0210
0.2387, 0.1722, 0.1115, 0.0234, -0.0461, 0.2539, -0.1630, -0.2791, 0.1198, 0.0002, 0.3580, 0.3167, -0.2845, -0.2688, 0.0539, 0.0434
0.0841, 0.0737, 0.2136, -0.0415, 0.2526, 0.1370, -0.0523, -0.3002, 0.0914, 0.0822, 0.2742, 0.0309, -0.6024, -0.5747, -0.0216, 0.0954
0.1156, -0.0831, -0.1555, -0.1488, -0.2355, -0.1508, -0.2427, 0.0924, 0.1750, -0.0376, -0.5216, -0.0860, 0.5893, 0.4808, 0.0343, -0.1730
-0.1496, -0.2016, 0.0098, -0.1310, -0.1964, -0.2516, -0.0073, -0.0916, 0.1769, 0.0616, -0.1699, -0.2226, 0.2373, 0.4468, 0.1759, -0.1238
0.2905, 0.1658, 0.1445, -0.0356, 0.0786, 0.1075, -0.0367, -0.2875, 0.1861, -0.0999, 0.0710, 0.2253, -0.6193, -0.2087, 0.0951, -0.0097
-0.0249, -0.0835, -0.0357, -0.3994, -0.1098, 0.0130, -0.0628, 0.1949, -0.3765, -0.1098, 0.1372, -0.1972, -0.3553, 0.2390, -0.0882, -0.3551
0.0090, -0.0699, -0.1733, 0.3535, -0.0069, -0.1729, 0.0248, 0.1398, -0.4252, 0.0629, -0.3172, -0.3727, 0.4308, 0.3841, 0.0167, 0.1722
0.2337, -0.1461, 0.1336, 0.4629, -0.0463, 0.0375, 0.2197, 0.0969, 0.3751, 0.1100, 0.0684, 0.0962, -0.5666, -0.3838, -0.3082, 0.2462
-0.1755, 0.1671, 0.0224, 0.1493, -0.3239, -0.3154, 0.2958, -0.0830, 0.0323, -0.3416, -0.0602, -0.0697, -0.0180, -0.2886, 0.0845, 0.0252
-0.0620, 0.0230, -0.3731, -0.0309, -0.3522, -0.6589, 0.2102, -0.0532, -0.1979, -0.2542, -0.3541, 0.1899, 0.2901, 0.1679, -0.2280, -0.1338
0.3926, 0.0350, 0.2004, 0.1463, 0.2425, -0.2278, -0.0419, 0.0570, 0.1442, 0.2558, -0.2151, -0.1608, 0.0438, -0.1486, 0.0936, -0.0282
0.2236, -0.0991, 0.3526, -0.1110, 0.0744, 0.2970, -0.2424, 0.0731, -0.2717, -0.0584, -0.0658, -0.2525, 0.0150, 0.0373, 0.0848, -0.2087
-0.2606, 0.0548, -0.1170, 0.1282, 0.1391, -0.3440, -0.1993, -0.1127, -0.2000, -0.1628, -0.0459, 0.2252, -0.0836, 0.5588, -0.1562, -0.0227
0.0711, -0.1860, -0.2198, 0.1573, -0.2385, -0.1054, 0.1231, -0.2015, 0.0284, -0.0097, 0.0466, -0.1897, -0.1568, -0.1702, 0.1731, -0.2320
0.1364, -0.1515, -0.0716, -0.1555, -0.1693, -0.1059, 0.2486, 0.1627, 0.0166, -0.0959, 0.0322, -0.1868, 0.2039, 0.2018, -0.0647, 0.0803
-0.1723, 0.2391, -0.0196, 0.0903, 0.2119, -0.2368, 0.0872, -0.1666, -0.0887, 0.2062, -0.2479, 0.1374, -0.1893, 0.2001, 0.0786, -0.0898
-0.3342, 0.4618, -0.0933, -0.1007, -0.3638, -0.0720, 0.3571, -0.4661, -0.4527, 0.1580, -0.0622, -0.2359, 0.0078, 0.3583, 0.0251, 0.3052
0.3722, -0.2699, 0.2781, 0.1317, 0.1816, 0.3520, -0.2714, 0.1800, 0.3546, -0.0944, 0.1624, 0.3633, -0.3817, -0.0759, -0.3295, -0.1074
-0.1034, -0.1304, 0.0401, 0.0253, 0.2741, -0.1322, 0.1199, 0.0651, 0.0100, 0.1574, -0.1195, 0.0081, 0.1488, 0.1314, -0.0228, -0.0179
0.3200, -0.2531, 0.2417, 0.4022, 0.3855, -0.0182, -0.1387, 0.2962, -0.0165, -0.1580, 0.3082, -0.0854, -0.0192, -0.3833, -0.4098, -0.1764
-0.3449, 0.3299, -0.3424, -0.0666, -0.0358, -0.2426, -0.0199, -0.1774, -0.2713, 0.2399, -0.4229, -0.4096, 0.0121, 0.2383, 0.2964, 0.2816
-0.0518, 0.0511, -0.0837, -0.0407, -0.0818, -0.1835, 0.1175, -0.1798, 0.0267, -0.1771, 0.0393, 0.2808, 0.1372, -0.1725, 0.2166, 0.2322
0.0514, -0.2048, -0.0463, 0.0812, 0.0525, 0.0103, -0.2973, 0.4306, 0.0354, -0.1620, -0.1481, -0.1181, 0.2889, 0.1438, 0.0307, -0.2410
0.0647, 0.1023, -0.0900, 0.0150, 0.2785, -0.1511, 0.1940, 0.1328, 0.1395, 0.1402, -0.1543, -0.0806, 0.0682, 0.0475, -0.1282, 0.0787
0.1338, -0.1776, 0.1086, 0.2029, 0.2407, 0.0073, -0.4703, 0.5132, 0.0807, 0.2044, -0.2980, -0.2805, 0.2959, 0.0453, -0.2411, -0.0647
-0.1128, 0.1984, 0.0936, -0.1949, -0.4347, -0.0309, 0.3261, -0.6718, -0.0532, 0.1256, -0.1002, 0.2511, -0.3286, -0.3217, 0.0639, 0.2093
-0.1355, 0.2374, 0.0893, 0.2096, 0.0060, 0.1106, 0.0769, 0.2689, -0.0741, 0.0221, -0.1288, -0.0176, -0.2348, -0.0089, 0.0884, 0.0679
-0.3226, 0.2581, 0.2278, -0.0234, -0.4046, 0.2113, 0.1165, -0.4342, -0.0866, -0.0958, -0.1374, 0.1609, -0.2776, -0.3740, 0.0636, 0.2731
-0.1907, -0.0473, -0.2498, 0.4387, 0.3634, -0.3548, -0.2268, 0.1297, -0.0494, -0.2629, -0.3345, -0.0307, 0.1067, 0.2983, 0.1033, -0.0285
-0.2670, -0.1794, 0.1073, -0.0420, 0.3822, 0.1076, -0.2505, -0.1340, -0.0183, -0.1948, -0.2331, -0.0428, 0.3532, 0.2282, 0.3745, 0.0275
0.0752, -0.1308, 0.2230, 0.2673, -0.1294, 0.3163, 0.0152, 0.0410, 0.4551, -0.0001, 0.4991, -0.0974, -0.1560, -0.1079, 0.2007, 0.1306
-0.4565, 0.3583, -0.3995, -0.2346, 0.0246, 0.3894, 0.1829, -0.1095, 0.4983, 0.0497, 0.3846, 0.2039, -0.3381, 0.1161, -0.0573, -0.1404
0.2600, 0.1225, 0.1731, 0.1241, -0.3137, -0.0865, -0.1665, -0.0726, 0.2344, -0.1135, -0.0045, -0.0438, 0.0658, 0.0381, 0.3760, 0.0429
0.2182, 0.2682, -0.6380, -0.1665, 0.1077, -0.2169, -0.2655, 0.2161, -0.3193, -0.4521, -0.4512, -0.1499, 0.1099, 0.2019, -0.0909, 0.0571
-0.0856, -0.2685, -0.1050, -0.0673, -0.2737, 0.0635, -0.0003, 0.5512, -0.0893, 0.1681, 0.1086, -0.4111, 0.2029, 0.4346, -0.1645, 0.0821
0.0544, 0.4788, -0.1944, 0.2438, -0.1572, -0.1819, 0.3986, -0.2378, 0.4176, -0.4698, 0.1059, 0.1825, 0.2722, -0.3891, -0.1691, -0.0915
-0.2203, 0.2660, -0.2416, -0.1376, -0.1672, 0.3756, 0.1994, -0.0605, 0.1452, -0.0651, 0.3699, 0.2011, -0.1482, 0.1745, -0.2438, -0.1515
