00400
00442
00488
004D3
00522
00577
005D1
00632
00698
00705
00779
007F4
00877
00903
00998
00A36
00ADF
00B93
00C52
00D1D
00DF6
00EDC
00FD1
010D7
011ED
01315
01450
0159F
01704
01880
01A15
01BC3
01D8E
01F76
0217D
023A6
025F3
02866
02B01
02DC7
030BA
033DF
03737
03AC7
03E92
0429B
046E6
04B79
05057
05586
05B0A
060E9
06729
06DD0
074E5
07C6F
08476
08D01
09619
09FC7
0AA15
0B50D
0C0BB
0CD29
0DA64
0E87A
0F778
1076E
1186B
12A81
13DC2
15240
16811
17F4A
19802
1B253
1CE56
1EC27
20BE5
22DAF
251A7
277F0
2A0B2
2CC14
2FA43
32B6D
35FC2
39777
3D2C4
011E4
05516
09C9E
0E8C3
139D1
19019
1EBF1
24DB7
2B5CA
32494
39A83
0180D
09DAF
12BF1
1C35E
26491
31028
3C6D1
08941
1583C
23490
31F1A
018C4
12288
23D70
36A97
0AB2B
2006B
36BAD
0EE5E
289FE
0402B
2129A
0031F
213A9
0464A
29D34
11ABE
3C167
293D5
194DA
0C778
02EE3
3CE80
3A9F2
3C512
023FE
0CB13
1BEFA
304A6
0A15F
29AC0
0F6C5
3BBC9
2F092
29C56
2C6C0
377FD
0B8BD
29243
10E69
037AC
01935
0BEE8
2356C
08A37
3CBA0
008EA
15254
3B926
34FCC
029DC
25C34
1FD06
323F6
1EA2A
26A70
0C146
10D08
36E04
0069C
2FB6C
07370
0981C
395A0
19AFC
2DA34
38890
3DEC4
01928
07800
13FB0
2B900
13170
0FB88
26F18
1E990
3CE80
087C8
08640
041E0
03A60
0F7F0
30B30
30E50
1A560
37F00
15520
3EDB0
01B50
2BE30
0C520
32E40
307E0
17240
39FA0
2D660
071C0
1E3A0
0B5A0
28A60
12040
251C0
01840
08DC0
1EEC0
29D00
12180
02EC0
2A400
39040
234C0
20800
2BA00
03880
2B100
29680
0A480
1E680
3BA00
3D480
04B80
39800
09D00
2B100
1A200
1C100
3E500
17A00
08700
3B600
26500
0AC00
36800
04F00
1F600
3E400
2A000
3C400
20A00
16000
30200
18600
0F800
2F200
2B400
14200
17C00
03C00
08800
39C00
12000
34400
2FC00
01400
17C00
16800
18000
33000
3E000
12000
0F800
25800
12000
2B800
23000
0C800
25800
18800
08000
15000
24000
2C000
38000
39000
09000
3B000
24000
2A000
10000
04000
30000
04000
14000
1A000
18000
26000
02000
38000
2A000
36000
0C000
0C000
30000
20000
20000
34000
08000
20000
00000
28000
38000
00000
28000
00000
20000
30000
00000
20000
18000
28000
20000
38000
10000
10000
30000
10000
20000
30000
00000
20000
00000
20000
30000
20000
00000
00000
00000
00000
20000
20000
00000
00000
20000
20000
00000
00000
00000
00000
00000
00000
00000
00000
00000
00000
00000
00000
00000
00000
00000
00000
00000
00000
00000
00000
00000
00000
00000
00000
00000
00000
00000
00000
00000
00000
00000
00000
00000
00000
00000
00000
00000
00000
00000
00000
00000
00000
00000
00000
00000
00000
00000
00000
00000
00000
00000
00000
00000
00000
00000
00000
00000
00000
00000
00000
00000
00000
00000
00000
00000
00000
00000
00000
00000
00000
00000
00000
00000
00000
00000
00000
00000
00000
00000
00000
00000
00000
00000
00000
00000
00000
00000
00000
00000
00000
00000
00000
00000
00000
00000
00000
00000
00000
00000
00000
00000
00000
00000
00000
00000
00000
00000
00000
00000
00000
00000
00000
00000
00000
00000
00000
00000
00000
00000
00000
00000
00000
00000
00000
00000
00000
00000
00000
00000
00000
00000
00000
00000
00000
00000
00000
00000
00000
00000
00000
00000
00000
00000
00000
00000
00000
00000
00000
00000
00000
00000
00000
00000
00000
00000
00000
00000
00000
00000
00000
00000
00000
00000
00000
00000
00000
00000
00000
00000
00000
00000
00000
00000
00000
00000
00000
00000
00000
00000
00000
00000
00000
00000
00000
00000
00000
00000
00000
00000
00000
00000
00000
00000
00000
00000
00000
00000
00000
00000
00000
00000
00000
00000
00000
00000
00000
00000
00000
00000
00000
00000
00000
00000
00000
00000
00000
00000
00000
00000
00000
00000
00000
00000
00000
00000
00000
00000
00000
00000
00000
00000
00000
00000
00000
00000
00000
00000
00000
00000
00000
00000
00000
00000
00000
00000
00000
00000
00000
00000
00000
00000
00000
00000
00000
00000
00000
00000
00000
00000
00000
00000
00000
00000
00000
00000
00000
00000
00000
00000
00000
00000
00000
00000
00000
00000
00000
00000
00000
00000
00000
00000
00000
00000
00000
00000
00000
00000
00000
00000
00000
00000
00000
00000
00000
00000
00000
00000
00000
00000
00000
00000
00000
00000
00000
00000
00000
00000
00000
00000
00000
00000
00000
00000
00000
00000
00000
00000
00000
00000
00000
00000
00000
00000
00000
00000
00000
00000
00000
00000
00000
00000
00000
00000
00000
00000
00000
00000
00000
00000
00000
00000
00000
00000
00000
00000
00000
00000
00000
00000
00000
00000
00000
00000
00000
00000
00000
00000
00000
00000
00000
00000
00000
00000
00000
00000
00000
00000
00000
00000
00000
00000
00000
00000
00000
00000
00000
00000
00000
00000
00000
00000
00000
00000
00000
00000
00000
00000
00000
00000
00000
00000
00000
00000
00000
00000
00000
00000
00000
00000
00000
00000
00000
00000
00000
00000
00000
00000
00000
00000
00000
00000
00000
00000
00000
00000
00000
00000
00000
00000
00000
00000
00000
00000
00000
00000
00000
00000
00000
00000
00000
00000
00000
00000
00000
00000
00000
00000
00000
00000
00000
00000
00000
00000
00000
00000
00000
00000
00000
00000
00000
00000
00000
00000
00000
00000
00000
00000
00000
00000
00000
00000
00000
00000
00000
00000
00000
00000
00000
00000
00000
00000
00000
00000
00000
00000
00000
00000
00000
00000
00000
00000
00000
00000
00000
00000
00000
00000
00000
00000
00000
00000
00000
00000
00000
00000
00000
00000
00000
00000
00000
00000
00000
00000
00000
00000
00000
00000
00000
00000
00000
00000
00000
00000
00000
00000
00000
00000
00000
00000
00000
00000
00000
00000
00000
00000
00000
00000
00000
00000
00000
00000
00000
00000
00000
00000
00000
00000
00000
00000
00000
00000
00000
00000
00000
00000
00000
00000
00000
00000
00000
00000
00000
00000
00000
00000
00000
00000
00000
00000
00000
00000
00000
00000
00000
00000
00000
00000
00000
00000
00000
00001
00001
00001
00001
00001
00001
00001
00001
00001
00001
00001
00002
00002
00002
00002
00002
00002
00003
00003
00003
00003
00003
00004
00004
00004
00005
00005
00005
00006
00006
00006
00007
00007
00008
00008
00009
0000A
0000A
0000B
0000C
0000C
0000D
0000E
0000F
00010
00011
00012
00013
00015
00016
00018
00019
0001B
0001D
0001E
00020
00023
00025
00027
0002A
0002C
0002F
00032
00036
00039
0003D
00041
00045
0004A
0004E
00054
00059
0005F
00065
0006B
00072
0007A
00082
0008A
00093
0009D
000A7
000B1
000BD
000C9
000D6
000E4
000F3
00102
00113
00125
00138
0014C
00161
00178
00191
001AA
001C6
001E3
00202
00224
00247
0026D
00295
002BF
002ED
0031D
00350
00387
003C1

