-0.1322
0.1542
0.1296
0.0173
0.2350
0.1000
0.0800
0.0972
-0.0716
-0.1230
0.1663
-0.0366
-0.2095
0.0481
-0.2095
-0.1562
0.0216
-0.1640
0.1323
0.0482
-0.0950
0.2055
-0.0424
-0.2271
0.0041
-0.2225
-0.0883
-0.1209
0.1575
-0.1447
0.1116
0.1884
-0.2440
-0.1071
-0.1965
0.1363
0.0073
0.0879
0.1493
-0.1832
-0.1770
-0.0180
0.0543
0.2062
-0.0584
-0.2428
-0.2276
0.2462
0.0213
-0.0838
0.1063
0.1060
-0.1655
-0.1470
0.1990
0.1935
-0.0384
-0.2036
-0.1156
-0.0887
0.0200
0.0779
-0.2016
0.0902
-0.0751
0.0853
-0.1716
-0.0164
-0.2397
0.1380
0.1446
0.1257
0.0895
-0.0628
0.0084
0.1502
0.0281
-0.0765
-0.1864
-0.2146
0.2222
0.0990
-0.1894
-0.2448
-0.0765
0.0012
-0.0619
0.1863
0.0554
0.1666
-0.1131
0.2345
-0.1427
0.2488
-0.1946
0.1568
-0.2195
0.0879
0.0595
-0.1502
-0.0981
0.1123
0.1953
0.1438
0.0640
-0.2199
0.1001
-0.0227
-0.1170
-0.1498
-0.0454
-0.1814
0.1192
-0.1545
0.2000
-0.0799
-0.1923
0.1882
0.0678
0.0895
-0.0442
0.0091
-0.2343
0.1177
0.1241
0.1172
-0.1936
-0.0987
