0.0510
0.0946
0.0424
0.0956
-0.0187
-0.1519
-0.0351
-0.0173
-0.0036
-0.0112
-0.1352
0.0611
-0.0401
0.0675
-0.0346
0.0214
0.0696
-0.1000
-0.0878
-0.0028
0.0326
-0.0396
0.0077
-0.0625
-0.0310
-0.0157
0.0234
0.0084
-0.0386
0.0087
0.0070
-0.1015
0.0299
-0.0425
0.0045
0.0137
-0.0296
0.0054
-0.0414
-0.0433
0.0050
-0.0638
0.0279
0.1024
-0.0508
0.0682
-0.0595
-0.0231
-0.0258
0.0091
-0.0414
-0.0207
0.0038
-0.0588
-0.0135
-0.0006
-0.0539
0.0134
-0.0770
0.0544
0.0491
0.0313
0.0243
-0.0632
-0.0429
0.0625
-0.0484
0.0289
-0.0561
-0.0128
-0.0283
0.0060
0.0810
-0.0360
-0.0872
-0.0234
-0.0183
0.0623
0.1019
-0.0305
0.1258
0.1037
-0.0487
-0.0102
-0.0055
-0.0635
-0.0176
-0.0509
-0.0359
-0.0284
-0.0562
0.0069
-0.0348
-0.0220
0.0769
-0.0161
-0.0661
-0.0112
-0.0334
-0.0776
0.0570
0.0454
0.0300
-0.0405
-0.0312
-0.0183
-0.0224
-0.0159
-0.0752
-0.0272
-0.0582
0.0076
-0.0156
-0.0178
0.0415
-0.0529
0.0103
-0.0269
0.0117
0.0018
0.0022
0.0417
0.0491
0.0000
-0.1021
-0.0256
-0.0185
-0.0062
