-0.0497
-0.0648
-0.0592
0.0502
-0.0807
-0.0323
-0.0667
-0.0300
0.0643
-0.0268
0.0146
-0.0778
0.0836
-0.0153
-0.0684
0.0625
0.0122
0.0367
0.0275
0.0105
0.0732
-0.0875
-0.0628
0.0491
-0.0277
0.0871
0.0624
0.0064
0.0697
0.0731
-0.0846
-0.0205
-0.0430
0.0416
-0.0548
0.0808
0.0343
-0.0692
0.0604
-0.0651
0.0170
-0.0672
-0.0304
0.0031
-0.0634
0.0026
-0.0789
0.0621
0.0823
-0.0852
-0.0652
-0.0302
-0.0360
-0.0340
0.0618
-0.0308
-0.0115
-0.0041
0.0608
0.0823
0.0802
-0.0709
-0.0805
0.0214
0.0772
-0.0283
-0.0160
-0.0179
-0.0829
-0.0729
-0.0279
0.0486
-0.0785
-0.0390
-0.0236
-0.0602
0.0690
-0.0345
0.0547
-0.0325
-0.0399
0.0204
0.0414
-0.0133
-0.0659
0.0700
0.0200
-0.0215
-0.0735
-0.0638
-0.0249
-0.0512
0.0027
-0.0330
0.0362
0.0426
0.0807
0.0007
-0.0842
-0.0208
0.0305
0.0251
-0.0586
-0.0258
-0.0678
0.0434
-0.0070
0.0375
-0.0372
0.0364
-0.0040
-0.0454
0.0449
-0.0282
0.0189
-0.0103
0.0752
-0.0398
0.0868
0.0294
-0.0391
-0.0633
0.0066
-0.0502
0.0472
-0.0676
0.0606
0.0046
