1.2586
1.2834
0.9406
1.2819
0.9964
0.9203
0.8793
0.8318
0.9465
0.9721
0.8646
1.5084
0.9125
1.1478
0.9083
1.0346
1.1883
0.9073
0.8936
1.0557
0.9470
0.8259
1.2003
0.9794
0.9579
1.0449
1.1622
0.9509
0.9476
1.0496
0.8831
0.8467
1.1472
0.9893
1.2674
0.9828
1.0170
1.0122
0.8921
1.0015
0.9334
0.8791
1.0786
1.2370
0.9936
1.3664
0.9803
0.8752
0.8770
1.2470
0.9842
0.9245
1.2065
1.0425
1.0302
0.9348
0.8613
0.8860
0.9215
1.0853
1.0289
1.3621
1.3243
0.6684
0.8676
1.2627
0.9994
1.0136
1.1059
0.9243
0.7191
0.9323
1.6711
1.0438
0.9557
1.0502
1.1070
1.4627
1.3690
1.0888
1.4023
1.0991
0.9165
0.8215
0.9412
0.9282
0.9113
0.9691
0.9457
0.9616
0.8978
0.8550
0.9798
0.9607
1.3134
0.8706
0.8182
0.8716
0.8904
1.0135
1.4058
1.1251
0.8975
0.8950
0.9197
1.0344
0.9622
1.2168
0.9755
0.8327
0.8831
0.9181
0.9590
0.8445
0.9849
0.9348
1.0913
0.9210
1.0514
0.9434
1.2917
1.0398
1.1807
0.9657
0.9480
0.8859
0.9846
0.9189
