0.7753
1.2724
0.8838
1.0574
0.7217
0.9631
0.8602
1.0329
0.9178
0.7968
0.7487
0.9456
0.8597
1.1060
0.8667
0.8420
0.9527
1.0908
1.0434
1.0606
1.1939
0.9043
1.5212
0.9118
0.9717
1.1681
0.6746
0.7393
0.9381
0.8730
0.9026
1.2603
0.9594
1.0502
1.0590
0.8216
1.0485
1.2233
1.1273
1.4284
0.8572
1.0833
0.8909
0.9421
0.9439
0.8105
0.6790
1.1432
1.4135
1.2686
1.0978
0.8270
0.9876
0.9553
0.8745
0.9263
0.8589
0.6308
0.9087
1.0622
0.9202
0.8390
1.0029
1.0166
0.9202
1.0981
1.6057
0.6779
0.8152
1.0592
1.2919
1.1390
0.9943
0.8636
0.8086
1.0132
1.1143
1.3768
1.0256
0.9137
1.0510
0.8962
1.2814
0.7444
1.2396
1.0197
0.9281
0.6858
1.3555
0.8304
0.8930
0.9678
1.1744
1.3594
1.2965
0.9170
0.6909
0.9846
0.8384
1.2713
1.1629
0.8553
0.8998
1.1503
1.3452
0.9465
0.5412
0.7864
0.8182
1.0357
1.1655
0.8964
0.7793
1.0249
0.8885
1.0368
0.8655
0.7990
0.8056
1.0438
0.9434
0.9051
0.6781
1.3644
0.8992
0.7742
0.9467
0.7147
1.0044
0.8344
0.7218
0.9489
0.8031
1.0855
1.1945
1.0193
0.8843
0.8950
0.9601
1.1858
0.9304
0.9166
0.9383
1.0318
0.9345
0.7567
0.9367
1.0292
0.9053
0.9649
0.9283
1.0053
1.1271
0.8963
0.9357
0.9617
0.9575
1.2603
0.7738
0.9418
0.7671
1.0261
0.8536
1.0556
0.9053
0.9641
0.9127
0.9965
0.6570
1.3499
0.8628
0.9259
0.9663
0.8571
0.8551
1.0207
0.7977
0.8091
0.8940
1.1762
0.9834
1.1383
0.8956
1.0513
0.7208
1.0366
0.6267
1.1593
0.7947
0.9004
1.1515
1.0674
0.9037
0.7963
0.8475
0.8754
1.0755
1.1322
1.1560
1.2892
0.9691
0.9055
1.0984
1.3338
0.8966
0.9286
1.1245
0.9180
0.9490
1.2706
1.1850
0.8436
1.2917
0.9700
0.9824
1.0826
1.0897
1.2837
0.7052
1.0195
0.8074
1.1493
1.1665
1.2393
0.7706
1.0192
1.1414
1.1031
0.9871
0.8277
0.9908
1.3230
0.9814
1.0892
0.9856
0.8818
1.3610
0.8346
1.0015
1.0813
0.8709
1.0770
0.9042
0.9107
0.9476
0.9648
0.9502
1.0203
0.9016
1.0208
0.8272
0.9315
1.0202
0.8872
0.8957
1.0084
