-0.0462
-0.0333
-0.0131
0.0112
-0.1013
-0.1104
-0.0666
-0.0949
-0.0818
-0.1292
-0.1322
-0.1022
-0.1125
-0.0116
-0.1215
-0.0006
-0.0573
-0.1897
-0.1810
0.0003
-0.0328
-0.1590
0.0201
-0.0487
-0.0940
-0.0788
0.0006
-0.0318
-0.0959
-0.0258
-0.0721
-0.1608
-0.0341
-0.0917
-0.0511
-0.0640
-0.0880
-0.0529
-0.1490
-0.1074
0.0421
-0.1310
-0.0330
-0.0339
-0.1168
-0.0993
-0.0500
-0.1513
-0.0388
-0.1061
-0.1021
-0.0908
0.0548
-0.1445
-0.0720
0.0123
-0.1674
0.0060
-0.1250
-0.0146
0.0173
-0.0644
0.0191
-0.1553
-0.1171
0.0184
-0.0812
-0.0249
-0.0431
-0.0933
-0.1499
-0.0596
0.0029
-0.0844
-0.1216
-0.0837
-0.0194
-0.0448
-0.0764
-0.0480
0.0148
-0.0345
-0.1014
-0.1153
-0.0935
-0.1170
-0.0987
-0.0631
-0.0949
-0.0617
-0.1210
-0.0604
-0.1187
-0.0417
-0.0176
-0.0811
-0.1959
-0.0539
-0.1446
-0.1057
-0.0292
-0.0136
-0.0495
-0.1058
-0.1144
-0.0549
-0.0825
-0.0714
-0.1295
-0.1210
-0.1348
-0.0668
-0.0651
-0.0549
-0.0071
-0.0901
-0.0243
-0.1071
0.0110
-0.0409
-0.0262
-0.0060
-0.0812
-0.0645
-0.0947
-0.1107
-0.0441
-0.0724
