0.0428
0.0611
0.0716
-0.0423
-0.0561
-0.0075
0.1412
0.0313
-0.0232
-0.0315
-0.0557
-0.0433
0.0485
-0.0255
-0.0583
-0.0378
-0.0258
-0.0368
0.0264
0.0501
-0.0109
0.0386
0.0833
0.0083
0.0131
-0.0856
0.1044
0.1349
0.0515
0.1001
0.0517
-0.0761
0.0725
0.0648
0.0101
-0.0814
-0.0185
0.0574
0.0132
-0.0953
-0.0148
-0.0462
-0.0563
0.0435
-0.0203
-0.0529
-0.0526
-0.0542
0.1487
-0.1217
-0.0655
-0.0585
-0.0158
-0.0872
0.0540
0.0907
-0.0701
0.0722
-0.0237
-0.0787
0.0401
0.0317
0.0403
0.1739
0.0146
0.0557
-0.0761
-0.0162
-0.0594
0.0957
0.0308
0.0394
0.0269
0.0197
0.0303
0.0138
-0.0108
-0.0245
-0.0489
0.0613
-0.0139
0.0857
-0.0134
0.1027
-0.0944
-0.0365
-0.0022
0.0820
0.0327
0.0611
0.0325
0.0389
-0.0173
0.1004
0.0625
-0.0238
0.0711
-0.0171
-0.0185
-0.0333
-0.0194
-0.0167
0.0363
-0.0222
0.0355
-0.0097
-0.0045
0.0628
-0.0960
-0.0617
-0.0836
0.0951
0.0784
-0.0393
0.0929
0.0668
0.0908
-0.0019
-0.0375
0.0817
-0.0341
-0.0096
0.0666
0.0294
-0.0696
-0.0094
-0.0178
-0.0012
