-0.1351
-0.0773
-0.1695
0.0936
0.0329
-0.0542
0.0080
-0.0112
0.1922
0.2762
-0.1691
0.0947
0.0846
0.0653
-0.0296
0.0464
0.0615
0.2551
-0.2497
-0.0815
-0.1853
-0.1120
0.0549
0.1618
-0.1765
0.1376
0.1866
-0.0954
0.0757
-0.1183
0.0397
-0.1625
-0.1270
-0.1711
-0.2161
0.1576
-0.0291
-0.0261
-0.1022
0.1557
-0.1208
-0.1313
-0.2088
-0.1710
0.2091
-0.1796
-0.0125
-0.0380
0.0947
0.0611
-0.1547
0.2232
-0.2685
-0.0041
0.0194
0.0291
0.1470
0.2259
0.0143
-0.0871
0.2138
0.1216
0.0328
-0.0282
0.0104
0.2679
0.0235
-0.0601
-0.2324
-0.1166
0.1592
0.0222
0.0100
0.0972
-0.1520
0.0038
-0.0647
0.1586
0.1951
0.1526
0.1850
-0.2343
-0.1036
0.0859
-0.1452
0.0539
-0.1630
0.1160
0.2122
-0.2154
0.1629
0.0722
-0.1842
0.2321
-0.2306
-0.1415
-0.1020
0.1033
0.0509
-0.0982
-0.2243
-0.0750
0.1958
0.1655
0.0888
0.0491
0.0129
-0.1909
0.0971
-0.2305
-0.0994
-0.0755
0.1801
-0.0679
-0.1101
0.0234
-0.2488
-0.0595
0.1109
-0.0048
-0.0240
0.1703
-0.1762
-0.1161
0.2840
0.0516
-0.0496
0.1247
