0.9916
0.8960
0.9499
0.8994
0.9712
0.8541
0.9202
0.9343
0.9267
1.0278
0.9316
0.9255
0.8629
0.9668
1.0152
0.9573
0.9443
0.8923
0.9284
0.9916
0.9179
1.0469
0.8651
0.9692
0.9809
0.9605
0.9995
0.9536
0.9040
0.9921
1.0093
0.9018
0.9458
1.0129
0.9918
0.9995
0.9385
1.0143
0.9394
1.0061
0.9902
0.9531
0.8877
0.8720
0.9517
0.8908
0.7685
0.9807
0.9305
0.6320
0.9885
0.9643
0.9992
0.9394
0.9391
0.9604
0.9634
0.9598
0.9712
0.9519
0.9228
0.7831
0.9465
0.8042
0.9501
0.9120
0.9867
0.9915
0.9212
0.9555
0.8341
0.9627
0.9210
0.9657
0.9374
1.0136
1.0179
0.9095
0.8903
1.0116
0.8879
0.9133
0.8885
0.8924
0.8642
1.0182
0.9745
0.9347
0.9654
0.9744
0.9101
0.9468
0.9721
1.0029
0.9409
0.9376
0.9588
0.8786
0.9346
0.9296
0.8250
0.9832
0.9541
0.9028
0.9577
1.0285
0.8339
0.9567
0.9122
0.9703
0.9825
0.8854
1.0257
0.9575
0.9520
0.8825
0.8875
0.9498
0.9612
0.9837
0.9563
0.9120
0.9900
0.9403
0.9243
0.9618
0.9580
0.9147
