-0.0441
0.0450
0.0208
0.0301
-0.0417
0.0707
0.0230
0.0614
0.0294
-0.0194
0.0195
-0.0516
0.0545
-0.0651
0.0724
-0.0124
-0.0445
0.0331
-0.0519
0.0168
-0.0776
-0.0792
0.0413
0.0355
-0.0055
-0.0882
0.0085
0.0772
-0.0148
-0.0660
-0.0363
0.0059
0.0107
0.0558
0.0049
0.0731
0.0789
0.0190
-0.0300
0.0584
0.0555
0.0491
-0.0364
0.0596
-0.0250
-0.0019
-0.0490
0.0057
0.0403
-0.0267
-0.0389
0.0582
-0.0823
0.0855
0.0068
-0.0726
-0.0855
-0.0086
0.0705
0.0086
0.0847
0.0385
-0.0069
0.0275
0.0133
0.0105
-0.0498
0.0148
0.0544
-0.0362
-0.0330
0.0125
-0.0402
0.0139
0.0210
0.0736
0.0415
-0.0775
0.0625
-0.0556
-0.0727
0.0696
0.0724
-0.0657
0.0018
0.0297
0.0470
-0.0203
0.0816
0.0479
-0.0122
-0.0416
-0.0810
-0.0036
-0.0389
-0.0112
-0.0460
0.0244
0.0504
-0.0145
0.0116
0.0801
-0.0197
-0.0409
0.0396
0.0747
0.0336
-0.0254
0.0613
0.0610
-0.0721
-0.0350
-0.0069
0.0782
0.0101
0.0867
-0.0024
-0.0647
-0.0489
-0.0829
0.0604
0.0546
0.0376
-0.0639
-0.0529
0.0744
-0.0681
-0.0680
