-0.0131
0.0837
-0.0706
-0.0009
0.0339
-0.0561
0.0478
0.0159
0.0271
-0.0637
-0.0196
-0.0208
0.0857
0.0098
0.0086
-0.0037
-0.0742
-0.0730
-0.0591
-0.0633
0.0105
-0.0163
-0.0438
-0.0471
0.0730
0.0485
-0.0212
0.0759
-0.0624
-0.0223
-0.0416
0.0144
-0.0224
-0.0039
-0.0033
-0.0206
-0.0084
0.0196
-0.0103
0.0439
-0.0669
0.0083
0.0121
0.0838
-0.0722
-0.0337
0.0169
-0.0437
-0.0458
0.0029
0.0501
0.0314
-0.0616
-0.0254
0.0313
-0.0666
-0.0292
-0.0509
0.0830
-0.0000
-0.0024
0.0591
0.0043
-0.0826
-0.0102
0.0122
0.0025
0.0130
0.0045
0.0203
-0.0650
0.0097
0.0577
-0.0285
-0.0364
0.0781
-0.0304
0.0588
-0.0053
0.0267
-0.0597
0.0163
0.0787
-0.0851
-0.0509
-0.0058
0.0135
-0.0180
-0.0323
0.0318
0.0453
-0.0094
-0.0791
0.0245
-0.0155
0.0439
-0.0871
0.0583
0.0231
-0.0489
0.0113
0.0541
-0.0688
-0.0078
-0.0784
0.0103
-0.0167
-0.0268
0.0883
-0.0218
-0.0080
0.0303
0.0585
0.0657
0.0764
0.0363
0.0678
0.0044
-0.0485
0.0133
0.0123
0.0640
0.0513
0.0316
0.0553
-0.0780
-0.0652
-0.0273
