0.0353
0.0981
0.0704
-0.0396
0.0527
-0.0501
-0.0405
-0.0852
-0.0259
-0.1892
0.0424
-0.0848
-0.0004
-0.0530
0.0381
-0.1200
-0.0114
-0.1009
0.1605
0.1080
0.0922
0.0580
-0.0160
0.0448
0.0386
-0.0675
-0.1078
-0.0224
-0.0736
0.0561
0.0379
0.0643
0.0356
0.0241
0.1022
0.0117
0.0292
0.0187
-0.0048
-0.0624
0.0296
0.0933
0.0740
0.0470
-0.0351
0.1471
-0.0095
0.0816
-0.1336
-0.0846
0.0512
-0.0898
0.1595
0.0339
0.0635
0.0306
-0.0615
-0.1726
-0.0236
0.0154
-0.0206
-0.1423
-0.0646
-0.0207
0.0045
-0.0648
-0.0495
0.0293
0.0621
-0.0331
-0.0270
-0.0878
-0.0291
-0.0430
0.1011
-0.0939
0.0374
-0.0785
-0.0749
-0.0387
-0.0688
0.0575
0.1406
-0.0932
0.1441
0.0075
0.0615
-0.2179
-0.1100
0.0348
-0.1055
-0.0635
0.0709
-0.1477
0.0822
0.0903
0.0203
-0.1089
-0.0430
0.0851
0.1320
0.0987
-0.1166
-0.1961
-0.0641
0.0087
0.0172
0.0171
0.0101
0.0587
0.0296
-0.0083
-0.1087
0.0882
0.0748
0.0352
0.1114
-0.0567
-0.0422
0.0748
0.0091
0.0095
0.0100
0.0385
-0.1575
0.0005
0.0618
0.0013
