0.9706
1.0844
1.1124
1.0892
0.9198
1.0376
0.9258
1.0195
1.0968
0.8241
0.9610
1.0330
1.0777
0.9923
0.8986
0.9921
0.9667
1.0037
0.9836
0.7565
0.9564
1.0308
0.9726
0.9725
1.0319
0.9659
1.0890
0.8638
1.0025
0.9395
1.1915
0.9656
0.9944
0.9231
1.0945
0.8909
0.8871
1.0704
0.8215
1.1339
1.0425
0.9150
0.9752
1.0965
0.9189
0.7349
0.9244
0.9257
0.9152
0.9733
0.7826
0.9368
0.9347
1.0430
0.8341
0.8988
0.8528
0.8616
0.9421
1.0035
0.9179
0.8463
1.1327
1.0456
1.0754
0.9868
0.7346
0.9421
1.0273
0.9509
0.9207
0.9146
0.9610
1.0140
0.9152
0.9666
1.1370
1.0043
1.0013
0.9071
1.1350
1.0221
0.8525
0.9408
0.8441
0.9850
0.9774
0.8440
0.9594
0.9976
1.0119
0.6962
0.9847
0.9770
0.9293
0.9534
0.9135
0.4800
1.0305
1.0326
0.9283
0.9557
0.9011
0.8328
1.0679
0.9840
1.1065
0.9576
0.9515
0.9529
0.9616
0.9859
1.0689
0.7824
0.9553
1.0713
1.0331
0.7878
1.0213
1.0155
0.9625
1.0062
0.9833
0.9770
1.0078
1.0662
0.9978
0.9982
