-0.2211
-0.0434
-0.0932
-0.0655
-0.1603
-0.0275
-0.1343
-0.0283
-0.0827
-0.1545
-0.2210
-0.0259
-0.0995
0.0261
-0.0978
-0.1159
-0.1001
-0.1428
-0.0053
-0.0832
-0.0248
-0.0796
-0.1614
-0.1257
-0.0853
-0.0763
-0.2091
-0.1272
-0.0794
-0.1176
-0.0927
-0.0747
-0.0458
-0.0405
-0.0243
-0.1330
-0.0577
-0.0008
-0.0803
-0.1217
-0.1883
-0.0288
-0.1109
-0.1117
-0.0872
-0.1333
-0.2327
0.0256
-0.0407
0.0068
-0.0580
-0.1006
-0.0537
-0.1825
-0.1023
-0.0509
-0.1402
-0.2170
-0.1269
-0.0709
-0.0500
-0.0974
-0.1021
-0.0611
-0.1599
-0.0581
-0.0818
-0.1469
-0.1207
-0.0362
-0.0233
-0.0401
-0.0556
-0.1769
-0.1497
-0.0230
0.0257
-0.0063
-0.0724
-0.1129
-0.0962
-0.0996
-0.0402
-0.1481
-0.0710
-0.1177
-0.1094
-0.1700
-0.0063
-0.1905
-0.1197
-0.0671
-0.0281
0.0296
-0.0214
-0.1206
-0.1935
-0.0922
-0.1353
-0.0001
-0.0688
-0.1163
-0.1083
-0.0946
-0.0645
-0.0669
-0.2163
-0.1154
-0.0982
-0.0346
-0.0694
-0.0879
-0.2225
-0.0158
-0.0884
-0.1052
-0.1129
-0.1421
-0.2398
-0.0284
-0.0489
-0.0760
-0.1792
-0.0786
-0.0638
-0.1644
-0.0581
-0.2192
-0.0868
-0.1250
-0.1650
-0.0713
-0.1152
-0.0432
-0.0236
-0.0998
-0.1258
-0.0959
-0.0868
-0.0188
-0.0834
-0.0636
-0.0662
-0.0750
-0.0791
-0.2095
-0.0900
-0.0443
-0.0943
-0.0590
-0.0895
-0.0552
-0.1013
-0.0776
-0.1484
-0.0794
-0.0808
-0.0536
-0.1978
-0.1046
-0.1759
-0.1125
-0.1579
-0.0949
-0.0887
-0.0569
-0.0907
-0.1001
-0.1769
-0.0255
-0.1206
-0.0948
-0.0338
-0.1264
-0.1425
-0.0415
-0.1119
-0.1296
-0.0976
-0.0726
-0.1044
-0.0635
-0.1148
-0.0469
-0.2192
-0.0881
-0.1984
-0.0064
-0.1909
-0.0755
-0.0389
-0.0492
-0.0782
-0.2009
-0.1408
-0.1087
-0.0513
-0.1261
-0.0108
-0.0905
-0.0528
-0.0997
-0.0191
-0.0682
-0.0735
-0.0764
-0.0382
-0.0927
-0.0675
-0.0771
-0.0674
-0.1063
0.0007
-0.0465
-0.1139
-0.0325
0.0037
-0.1021
-0.2146
-0.0594
-0.0855
-0.0809
-0.0882
0.0050
-0.1439
-0.0970
-0.0296
-0.0280
-0.0568
-0.1076
-0.0344
-0.0272
-0.0929
-0.0780
-0.0433
-0.0963
-0.0719
-0.1149
-0.0411
-0.0283
-0.0986
-0.0278
-0.1003
-0.1150
-0.0740
-0.0429
-0.0622
-0.0855
-0.1081
-0.2345
-0.1566
-0.0578
-0.1271
-0.0983
-0.0970
-0.0300
